{
  "advancedEditorSelectedIdentifier" : "ProjectBrowser",
  "openSceneRelativePaths" : [
    "Scene.usda",
    "SeaCreatureModels\/StarfishScene.usda",
    "SeaCreatureModels\/SlugScene.usda",
    "SeaCreatureModels\/FishScene.usda",
    "SeaCreatureModels\/ClamScene.usda"
  ],
  "recentIdentifiers" : {
    "B453C4D7-D5DF-48DD-A153-345B573AC4CF" : [

    ]
  },
  "sceneCameraHistory" : {
    "2DC4080B-F1BE-4D6D-B595-65C6410D0C57" : [
      {
        "date" : 741164505.40303,
        "title" : "Untitled",
        "transform" : [
          0.22224249,
          6.5136074e-10,
          -0.9749914,
          0,
          -0.42046022,
          0.9022348,
          -0.09584097,
          0,
          0.8796712,
          0.43124503,
          0.20051491,
          0,
          0.2941029,
          0.15950604,
          0.0976743,
          1
        ]
      },
      {
        "date" : 741164328.800765,
        "title" : "Untitled",
        "transform" : [
          0.99999994,
          0,
          -0,
          0,
          -0,
          0.8660254,
          -0.49999988,
          0,
          0,
          0.49999988,
          0.8660254,
          0,
          0,
          0.18232258,
          0.315792,
          1
        ]
      }
    ],
    "4FCA7C96-B191-48ED-901E-808CA9F0671F" : [
      {
        "date" : 741164170.180417,
        "title" : "Untitled",
        "transform" : [
          0.48706296,
          2.5268792e-09,
          -0.8733669,
          0,
          -0.10547943,
          0.9926802,
          -0.05882423,
          0,
          0.8669739,
          0.12077335,
          0.48349774,
          0,
          2.4527676,
          0.3884489,
          1.4017739,
          1
        ]
      },
      {
        "date" : 741164165.845347,
        "title" : "Untitled",
        "transform" : [
          0.51466554,
          7.412556e-10,
          -0.85739106,
          0,
          -0.4887323,
          0.82162905,
          -0.29337102,
          0,
          0.7044573,
          0.57002264,
          0.42286417,
          0,
          1.9726979,
          1.6580863,
          1.2183902,
          1
        ]
      },
      {
        "date" : 741164150.710085,
        "title" : "Untitled",
        "transform" : [
          0.99999994,
          0,
          -0,
          0,
          -0,
          0.8660254,
          -0.49999988,
          0,
          0,
          0.49999988,
          0.8660254,
          0,
          0,
          0.18232258,
          0.315792,
          1
        ]
      }
    ],
    "5FC5431D-F0B1-4E7A-B7E2-66D94D3B669F" : [
      {
        "date" : 741164528.921083,
        "title" : "Untitled",
        "transform" : [
          0.50173545,
          -1.7142855e-09,
          -0.86502105,
          0,
          -0.32501036,
          0.92673117,
          -0.18851474,
          0,
          0.8016419,
          0.37572527,
          0.46497387,
          0,
          0.2923149,
          0.13700645,
          0.16955048,
          1
        ]
      },
      {
        "date" : 741164525.871192,
        "title" : "Untitled",
        "transform" : [
          0.22930512,
          -1.0753606e-09,
          -0.9733545,
          0,
          -0.3981616,
          0.9125069,
          -0.09379982,
          0,
          0.8881928,
          0.4090612,
          0.20924251,
          0,
          0.32387525,
          0.14916222,
          0.07629927,
          1
        ]
      },
      {
        "date" : 741164513.051363,
        "title" : "Untitled",
        "transform" : [
          0.99999994,
          0,
          -0,
          0,
          -0,
          0.8660254,
          -0.49999988,
          0,
          0,
          0.49999988,
          0.8660254,
          0,
          0,
          0.18232258,
          0.315792,
          1
        ]
      }
    ],
    "26DBAE76-5DD8-47B6-A085-1B4ADA111097" : [
      {
        "date" : 741163542.785718,
        "title" : "Untitled",
        "transform" : [
          0.5720064,
          -1.737277e-09,
          -0.8202491,
          0,
          -0.32534355,
          0.9179742,
          -0.22688061,
          0,
          0.75296754,
          0.3966399,
          0.5250872,
          0,
          0.6170861,
          0.12288304,
          0.074145466,
          1
        ]
      },
      {
        "date" : 741163291.212592,
        "title" : "Untitled",
        "transform" : [
          0.99999994,
          0,
          -0,
          0,
          -0,
          0.8660254,
          -0.49999988,
          0,
          0,
          0.49999988,
          0.8660254,
          0,
          0,
          0.2079898,
          0.3604489,
          1
        ]
      }
    ],
    "037A98D1-E971-4DB9-8EC6-0ECBE35EA03B" : [
      {
        "date" : 741164375.661194,
        "title" : "Untitled",
        "transform" : [
          0.99999994,
          0,
          -0,
          0,
          -0,
          0.8660254,
          -0.49999988,
          0,
          0,
          0.49999988,
          0.8660254,
          0,
          0,
          0.18232258,
          0.315792,
          1
        ]
      }
    ],
    "54E27DAF-055F-4787-9FAA-DE5B2B934F26" : [
      {
        "date" : 741164458.504255,
        "title" : "Untitled",
        "transform" : [
          -0.9761328,
          -3.6988155e-09,
          -0.21717396,
          0,
          -0.02327618,
          0.99423975,
          0.104619555,
          0,
          0.21592303,
          0.1071775,
          -0.97051024,
          0,
          0.068819,
          0.046139058,
          -0.32156095,
          1
        ]
      },
      {
        "date" : 741164447.556158,
        "title" : "Untitled",
        "transform" : [
          0.99999994,
          0,
          -0,
          0,
          -0,
          0.8660254,
          -0.49999988,
          0,
          0,
          0.49999988,
          0.8660254,
          0,
          0,
          0.18232258,
          0.315792,
          1
        ]
      }
    ],
    "479FCBF7-4CFB-4647-9800-93EE64623CC5" : [
      {
        "date" : 741164214.32177,
        "title" : "Untitled",
        "transform" : [
          0.42261946,
          8.1396365e-09,
          -0.9063072,
          0,
          -0.13163185,
          0.98939645,
          -0.061381202,
          0,
          0.89669716,
          0.14523976,
          0.4181382,
          0,
          0.043603905,
          0.0073757446,
          0.024660425,
          1
        ]
      },
      {
        "date" : 741164185.48782,
        "title" : "Untitled",
        "transform" : [
          0.99999994,
          0,
          -0,
          0,
          -0,
          0.8660254,
          -0.49999988,
          0,
          0,
          0.49999988,
          0.8660254,
          0,
          0,
          0.18232258,
          0.315792,
          1
        ]
      }
    ],
    "493F2337-B5EA-46FD-B969-721A1ED9AAA2" : [
      {
        "date" : 741164376.589472,
        "title" : "Untitled",
        "transform" : [
          0.99999994,
          0,
          -0,
          0,
          -0,
          0.8660254,
          -0.49999988,
          0,
          0,
          0.49999988,
          0.8660254,
          0,
          0,
          0.18232258,
          0.315792,
          1
        ]
      }
    ],
    "699C7BAD-B6F7-4F85-A43D-99AAC161512A" : [
      {
        "date" : 741164374.395081,
        "title" : "Untitled",
        "transform" : [
          0.99999994,
          0,
          -0,
          0,
          -0,
          0.8660254,
          -0.49999988,
          0,
          0,
          0.49999988,
          0.8660254,
          0,
          0,
          0.18232258,
          0.315792,
          1
        ]
      }
    ],
    "90398CEB-7756-457F-B918-25B75D4DE364" : [
      {
        "date" : 741164085.501727,
        "title" : "Untitled",
        "transform" : [
          0.9997476,
          -2.5282043e-10,
          0.022465408,
          0,
          0.009026374,
          0.91573185,
          -0.4016885,
          0,
          -0.02057229,
          0.40178993,
          0.91550076,
          0,
          0.010452002,
          1.2671292,
          2.8581016,
          1
        ]
      },
      {
        "date" : 741164073.562069,
        "title" : "Untitled",
        "transform" : [
          0.99999994,
          0,
          0,
          0,
          0,
          0.8660254,
          -0.49999988,
          0,
          0,
          0.49999988,
          0.8660254,
          0,
          0.0863948,
          1.6063038,
          2.6857598,
          1
        ]
      },
      {
        "date" : 741164016.987237,
        "title" : "Untitled",
        "transform" : [
          0.99999994,
          0,
          -0,
          0,
          -0,
          0.8660254,
          -0.49999988,
          0,
          0,
          0.49999988,
          0.8660254,
          0,
          0,
          0.18232258,
          0.315792,
          1
        ]
      }
    ],
    "B453C4D7-D5DF-48DD-A153-345B573AC4CF" : [
      {
        "date" : 741164246.621049,
        "title" : "Untitled",
        "transform" : [
          -0.9960963,
          -2.803132e-09,
          0.08827259,
          0,
          -0.014865948,
          0.9857171,
          -0.16775215,
          0,
          -0.08701181,
          -0.16840954,
          -0.9818692,
          0,
          0.18968359,
          -0.17261854,
          -2.7365575,
          1
        ]
      },
      {
        "date" : 741164240.753947,
        "title" : "Untitled",
        "transform" : [
          0.99999994,
          0,
          0,
          0,
          0,
          0.8660254,
          -0.49999988,
          0,
          0,
          0.49999988,
          0.8660254,
          0,
          -0.013317622,
          1.1356927,
          1.9570318,
          1
        ]
      },
      {
        "date" : 741164227.03766,
        "title" : "Untitled",
        "transform" : [
          0.99999994,
          0,
          -0,
          0,
          -0,
          0.8660254,
          -0.49999988,
          0,
          0,
          0.49999988,
          0.8660254,
          0,
          0,
          0.18232258,
          0.315792,
          1
        ]
      }
    ],
    "D8E89876-F4EC-4BE1-B3AA-BDB4F331E1E3" : [
      {
        "date" : 741164549.856574,
        "title" : "Untitled",
        "transform" : [
          0.99999994,
          0,
          -0,
          0,
          -0,
          0.8660254,
          -0.49999988,
          0,
          0,
          0.49999988,
          0.8660254,
          0,
          0,
          0.18232258,
          0.315792,
          1
        ]
      }
    ],
    "F8C842F2-CA74-47CB-8571-923CC258268E" : [
      {
        "date" : 741164377.413684,
        "title" : "Untitled",
        "transform" : [
          0.99999994,
          0,
          -0,
          0,
          -0,
          0.8660254,
          -0.49999988,
          0,
          0,
          0.49999988,
          0.8660254,
          0,
          0,
          0.18232258,
          0.315792,
          1
        ]
      }
    ]
  },
  "selectedSceneRelativePath" : "SeaCreatureModels\/ClamScene.usda"
}